100
1
19
23
456789
11101
199
901
11000
10100
1998
110
22
1000000
11100
90
989999
998999
2101
543210
999901
999989
999999
111
990000
2100
1100
19
999001
11001
12
10011
10110
4
262144
999
200
31
1111
1101
1001
101001
432109
2000
20
987654
2200
32
10101
11010
100000
900
101000
900000
2048
29
12001
2201
11
2001
900001
10000
765432
1999
999998
201
11011
1000
9
11111
999991
10111
91
102
99000
100
2002
64
2
21
12000
10999
990001
30
10010
10
99001
101
777
10001
999900
100001
99
9999
11110
999990
899999
1110
1099
999899
999000
